383	 108	 104	 104	 111	 360	 249	 7	 256	 23 
371	 99	 95	 95	 102	 350	 248	 7	 255	 21 
368	 109	 105	 105	 108	 360	 252	 3	 255	 8 
353	 100	 96	 96	 98	 346	 248	 2	 250	 7 
349	 90	 86	 86	 94	 325	 231	 8	 239	 24 
331	 91	 87	 87	 89	 323	 234	 2	 236	 8 
329	 81	 77	 77	 83	 310	 227	 6	 233	 19 
324	 72	 68	 68	 75	 301	 226	 7	 233	 23 
317	 82	 78	 78	 81	 309	 228	 3	 231	 8 
303	 63	 60	 60	 67	 283	 216	 7	 223	 20 
294	 73	 70	 70	 72	 287	 215	 2	 217	 7 
290	 64	 61	 61	 63	 283	 220	 2	 222	 7 
286	 54	 51	 51	 59	 261	 202	 8	 210	 25 
267	 55	 52	 52	 55	 259	 204	 3	 207	 8 
264	 45	 42	 42	 48	 245	 197	 6	 203	 19 
260	 36	 33	 33	 41	 237	 196	 8	 204	 23 
252	 46	 43	 43	 45	 244	 199	 2	 201	 8 
240	 27	 24	 24	 31	 218	 187	 7	 194	 22 
238	 37	 34	 34	 36	 231	 195	 2	 197	 7 
224	 18	 16	 16	 23	 204	 181	 7	 188	 20 
223	 28	 25	 25	 28	 215	 187	 3	 190	 8 
219	 11	 8	 8	 14	 201	 187	 6	 193	 18 
211	 19	 17	 17	 19	 203	 184	 2	 186	 8 
198	 12	 9	 9	 11	 191	 180	 2	 182	 7 
191	 111	 107	 107	 110	 178	 68	 3	 71	 13 
179	 110	 107	 107	 110	 169	 59	 3	 62	 10 
177	 107	 103	 103	 107	 163	 56	 4	 60	 14 
168	 106	 103	 103	 106	 156	 50	 3	 53	 12 
165	 101	 98	 98	 101	 152	 51	 3	 54	 13 
155	 98	 94	 94	 98	 140	 42	 4	 46	 15 
154	 102	 98	 98	 100	 144	 44	 2	 46	 10 
146	 97	 94	 94	 97	 136	 39	 3	 42	 10 
139	 93	 89	 89	 92	 126	 34	 3	 37	 13 
130	 89	 85	 85	 89	 116	 27	 4	 31	 14 
129	 92	 89	 89	 92	 117	 25	 3	 28	 12 
126	 88	 85	 85	 88	 115	 27	 3	 30	 11 
117	 104	 100	 100	 104	 104	 0	 4	 4	 13 
117	 103	 99	 99	 102	 102	 0	 3	 3	 15 
114	 83	 80	 80	 83	 101	 18	 3	 21	 13 
113	 94	 90	 90	 94	 94	 0	 4	 4	 19 
108	 80	 76	 76	 78	 99	 21	 2	 23	 9 
106	 75	 71	 71	 74	 96	 22	 3	 25	 10 
105	 105	 102	 102	 104	 104	 0	 2	 2	 No Service 
105	 95	 91	 91	 94	 94	 0	 3	 3	 11 
104	 74	 71	 71	 74	 92	 18	 3	 21	 12 
100	 86	 82	 82	 86	 86	 0	 4	 4	 14 
96	 96	 93	 93	 95	 95	 0	 2	 2	 No Service 
96	 85	 81	 81	 84	 84	 0	 3	 3	 12 
93	 76	 72	 72	 75	 75	 0	 3	 3	 18 
90	 77	 73	 73	 77	 77	 0	 4	 4	 13 
87	 87	 84	 84	 86	 86	 0	 2	 2	 No Service 
81	 67	 63	 63	 66	 66	 0	 3	 3	 15 
80	 53	 50	 50	 52	 70	 18	 2	 20	 10 
78	 78	 75	 75	 77	 77	 0	 2	 2	 No Service 
78	 68	 65	 65	 68	 68	 0	 3	 3	 10 
77	 47	 45	 45	 48	 67	 19	 3	 22	 10 
77	 59	 56	 56	 61	 61	 0	 5	 5	 16 
73	 43	 41	 41	 44	 61	 17	 3	 20	 12 
72	 58	 55	 55	 58	 58	 0	 3	 3	 14 
69	 69	 66	 66	 68	 68	 0	 2	 2	 No Service 
67	 38	 36	 36	 39	 54	 15	 3	 18	 13 
67	 49	 46	 46	 50	 50	 0	 4	 4	 17 
62	 50	 47	 47	 50	 50	 0	 3	 3	 12 
60	 60	 57	 57	 59	 59	 0	 2	 2	 No Service 
58	 35	 32	 32	 34	 49	 15	 2	 17	 9 
58	 29	 27	 27	 30	 46	 16	 3	 19	 12 
56	 40	 37	 37	 40	 40	 0	 3	 3	 16 
53	 41	 38	 38	 42	 42	 0	 4	 4	 11 
52	 25	 23	 23	 25	 43	 18	 2	 20	 9 
50	 51	 48	 48	 49	 49	 0	 1	 1	 No Service 
46	 21	 18	 18	 20	 37	 17	 2	 19	 9 
44	 31	 28	 28	 31	 31	 0	 3	 3	 13 
43	 42	 40	 40	 42	 42	 0	 2	 2	 No Service 
42	 32	 29	 29	 32	 32	 0	 3	 3	 10 
39	 23	 20	 20	 24	 24	 0	 4	 4	 15 
37	 17	 14	 14	 17	 24	 7	 3	 10	 13 
34	 33	 31	 31	 33	 33	 0	 2	 2	 No Service 
34	 22	 19	 19	 22	 22	 0	 3	 3	 12 
33	 9	 7	 7	 10	 20	 10	 3	 13	 13 
32	 16	 14	 14	 17	 21	 4	 3	 7	 11 
28	 10	 7	 7	 9	 18	 9	 2	 11	 10 
28	 13	 11	 11	 14	 14	 0	 3	 3	 14 
26	 14	 12	 12	 15	 15	 0	 3	 3	 11 
25	 24	 22	 22	 24	 24	 0	 2	 2	 No Service 
20	 7	 4	 4	 8	 8	 0	 4	 4	 12 
15	 15	 13	 13	 14	 14	 0	 1	 1	 No Service 
15	 6	 3	 3	 5	 5	 0	 2	 2	 10 
14	 3	 1	 1	 4	 4	 0	 3	 3	 10 
12	 5	 2	 2	 4	 4	 0	 2	 2	 8 
12	 2	 1	 1	 3	 3	 0	 2	 2	 9 
11	 1	 1	 1	 3	 3	 0	 2	 2	 8 
8	 8	 5	 5	 7	 7	 0	 2	 2	 No Service 

Total number of orders: 111

Canceled Orders: 19

Dine-In Orders: 24

Delivery Orders: 56

Takeaway Orders: 12

Total number of chefs: 12

Special Chefs: 4

Normal Chefs: 8

Total number of Scooters: 4

Percentage of Finished orders: 82.8829%

Percentage of Cancelled orders: 17.1171%

Average for Ti TC Tw Tserv for all finished orders
Ti =  63.6848 
Tc = 3.30435 
Tw =  66.9891 
Tserv =  11.1739

Scooters utilization % 95.9512

Chefs utilization % 7.81919
