25 13
3 2
20 150
8 23
20
5 3 2 4 7 5 6 8
51
Q ODG 1 1 4 120 3 10 Y
Q ODN 2 2 6 80 4 15 N
Q OT 3 3 5 60
Q OVC 4 4 3 45 1200
Q OVN 5 5 8 90 800
Q ODG 5 6 2 150 2 8 Y
Q OVG 6 7 10 200 3000
Q ODN 7 8 3 55 3 12 N
Q OT 8 9 4 70
Q OVC 9 10 6 85 1800
Q ODG 10 11 5 130 4 16 Y
Q OVN 10 12 7 95 2200
Q ODN 12 13 8 110 6 20 N
Q OT 13 14 3 50
Q OVG 14 15 12 250 4500
Q OVC 15 16 4 65 950
Q ODG 16 17 6 140 3 11 Y
Q OVN 17 18 9 105 1600
Q ODN 18 19 5 75 5 18 Y
Q OT 19 20 2 40
Q OVC 20 21 3 55 700
Q OVG 21 22 8 180 3800
Q ODG 22 23 7 160 4 14 N
Q ODN 23 24 4 70 3 10 Y
Q OT 24 25 6 85
Q OVC 25 26 5 75 2000
Q OVN 26 27 10 120 3100
Q ODG 27 28 3 100 2 9 Y
Q OT 28 29 4 60
Q OVG 29 30 11 220 5000
Q ODN 30 31 7 90 5 17 N
Q OVC 31 32 6 80 1500
Q OVN 32 33 8 100 2700
Q ODG 33 34 5 135 3 12 Y
Q OT 34 35 3 50
Q ODN 35 36 9 115 7 22 Y
Q OVG 36 37 13 260 5500
Q OVC 37 38 4 60 900
Q OVN 38 39 7 95 2100
Q ODG 39 40 6 145 4 15 N
Q OT 40 41 5 75
Q ODN 41 42 3 65 3 11 Y
Q OVC 42 43 8 100 3300
Q OVG 43 44 9 190 4200
Q OVN 44 45 6 85 1900
Q ODG 45 46 4 125 2 8 Y
Q ODN 46 47 7 95 5 16 N
Q OT 47 48 3 55
Q OVC 48 49 5 70 1100
Q OVG 49 50 10 210 4700
X 10 10