297	 86	 97	 97	 101	 282	 181	 4	 185	 15 
289	 87	 99	 99	 101	 283	 182	 2	 184	 6 
282	 78	 87	 87	 91	 267	 176	 4	 180	 15 
276	 79	 89	 89	 92	 270	 178	 3	 181	 6 
269	 70	 77	 77	 81	 255	 174	 4	 178	 14 
265	 71	 79	 79	 81	 259	 178	 2	 180	 6 
251	 62	 67	 67	 72	 235	 163	 5	 168	 16 
249	 63	 69	 69	 72	 243	 171	 3	 174	 6 
238	 54	 57	 57	 61	 223	 162	 4	 166	 15 
230	 55	 59	 59	 61	 224	 163	 2	 165	 6 
219	 46	 47	 47	 52	 202	 150	 5	 155	 17 
217	 47	 49	 49	 52	 211	 159	 3	 162	 6 
203	 38	 37	 37	 41	 189	 148	 4	 152	 14 
196	 39	 39	 39	 41	 190	 149	 2	 151	 6 
195	 30	 29	 29	 34	 179	 145	 5	 150	 16 
184	 31	 30	 30	 33	 178	 145	 3	 148	 6 
175	 22	 21	 21	 25	 160	 135	 4	 139	 15 
166	 23	 23	 23	 25	 160	 135	 2	 137	 6 
157	 14	 13	 13	 17	 142	 125	 4	 129	 15 
154	 15	 15	 15	 18	 148	 130	 3	 133	 6 
147	 6	 5	 5	 9	 133	 124	 4	 128	 14 
138	 88	 100	 100	 104	 128	 24	 4	 28	 10 
134	 85	 96	 96	 99	 125	 26	 3	 29	 9 
118	 81	 92	 92	 94	 110	 16	 2	 18	 8 
116	 80	 90	 90	 94	 105	 11	 4	 15	 11 
111	 72	 80	 80	 84	 101	 17	 4	 21	 10 
110	 83	 94	 94	 98	 98	 0	 4	 4	 12 
104	 82	 93	 93	 95	 95	 0	 2	 2	 9 
98	 84	 95	 95	 97	 97	 0	 2	 2	 No Service 
96	 75	 84	 84	 87	 87	 0	 3	 3	 9 
95	 69	 76	 76	 79	 86	 7	 3	 10	 9 
95	 64	 70	 70	 74	 85	 11	 4	 15	 10 
95	 74	 83	 83	 85	 85	 0	 2	 2	 10 
91	 56	 60	 60	 64	 80	 16	 4	 20	 11 
89	 67	 74	 74	 78	 78	 0	 4	 4	 11 
87	 76	 85	 85	 86	 86	 0	 1	 1	 No Service 
83	 66	 73	 73	 75	 75	 0	 2	 2	 8 
78	 68	 75	 75	 77	 77	 0	 2	 2	 No Service 
78	 53	 56	 56	 59	 69	 10	 3	 13	 9 
76	 59	 64	 64	 67	 67	 0	 3	 3	 9 
76	 58	 63	 63	 65	 65	 0	 2	 2	 11 
75	 48	 50	 50	 54	 64	 10	 4	 14	 11 
70	 40	 40	 40	 44	 60	 16	 4	 20	 10 
70	 51	 54	 54	 58	 58	 0	 4	 4	 12 
67	 60	 65	 65	 66	 66	 0	 1	 1	 No Service 
64	 50	 53	 53	 55	 55	 0	 2	 2	 9 
62	 33	 32	 32	 34	 55	 21	 2	 23	 7 
58	 52	 55	 55	 57	 57	 0	 2	 2	 No Service 
58	 42	 43	 43	 46	 46	 0	 3	 3	 12 
55	 43	 44	 44	 47	 47	 0	 3	 3	 8 
48	 29	 28	 28	 31	 39	 8	 3	 11	 9 
48	 35	 34	 34	 37	 37	 0	 3	 3	 11 
47	 44	 45	 45	 46	 46	 0	 1	 1	 No Service 
45	 24	 24	 24	 27	 36	 9	 3	 12	 9 
44	 34	 33	 33	 35	 35	 0	 2	 2	 9 
40	 16	 16	 16	 19	 32	 13	 3	 16	 8 
38	 36	 35	 35	 37	 37	 0	 2	 2	 No Service 
38	 26	 26	 26	 29	 29	 0	 3	 3	 9 
38	 25	 25	 26	 28	 28	 1	 2	 3	 10 
34	 19	 18	 18	 22	 22	 0	 4	 4	 12 
29	 27	 27	 27	 28	 28	 0	 1	 1	 No Service 
29	 17	 16	 16	 18	 21	 3	 2	 5	 8 
29	 13	 12	 12	 16	 19	 3	 4	 7	 10 
27	 18	 17	 17	 19	 19	 0	 2	 2	 8 
25	 9	 8	 8	 10	 17	 7	 2	 9	 8 
23	 10	 9	 9	 12	 12	 0	 3	 3	 11 
22	 20	 19	 19	 21	 21	 0	 2	 2	 No Service 
22	 11	 10	 10	 13	 13	 0	 3	 3	 9 
16	 4	 3	 3	 6	 6	 0	 3	 3	 10 
14	 7	 6	 6	 8	 8	 0	 2	 2	 6 
13	 12	 11	 11	 12	 12	 0	 1	 1	 No Service 
13	 2	 1	 1	 4	 4	 0	 3	 3	 9 
13	 3	 2	 2	 4	 4	 0	 2	 2	 9 
10	 1	 1	 1	 3	 3	 0	 2	 2	 7 
7	 5	 4	 4	 6	 6	 0	 2	 2	 No Service 

Total number of orders: 88

Canceled Orders: 13

Dine-In Orders: 22

Delivery Orders: 42

Takeaway Orders: 11

Total number of chefs: 9

Special Chefs: 3

Normal Chefs: 6

Total number of Scooters: 3

Percentage of Finished orders: 85.2273%

Percentage of Cancelled orders: 14.7727%

Average for Ti TC Tw Tserv for all finished orders
Ti =  46.6933 
Tc = 2.86667 
Tw =  49.56 
Tserv =  8.44

Scooters utilization % 94.7541

Chefs utilization % 9.07104
