655	 181	 134	 134	 141	 636	 495	 7	 502	 19 
647	 187	 139	 139	 141	 640	 499	 2	 501	 7 
637	 180	 134	 134	 140	 623	 483	 6	 489	 14 
632	 173	 128	 128	 136	 612	 476	 8	 484	 20 
630	 182	 134	 134	 138	 619	 481	 4	 485	 11 
616	 179	 133	 133	 135	 609	 474	 2	 476	 7 
613	 172	 128	 128	 134	 598	 464	 6	 470	 15 
602	 174	 128	 128	 132	 591	 459	 4	 463	 11 
592	 171	 127	 127	 129	 585	 456	 2	 458	 7 
591	 165	 122	 122	 129	 572	 443	 7	 450	 19 
586	 164	 122	 122	 127	 572	 445	 5	 450	 14 
575	 166	 122	 122	 126	 564	 438	 4	 442	 11 
572	 157	 116	 116	 124	 552	 428	 8	 436	 20 
566	 163	 121	 121	 124	 559	 435	 3	 438	 7 
557	 156	 116	 116	 122	 542	 420	 6	 426	 15 
548	 158	 116	 116	 120	 537	 417	 4	 421	 11 
546	 149	 110	 110	 117	 527	 410	 7	 417	 19 
538	 148	 110	 110	 116	 523	 407	 6	 413	 15 
536	 155	 115	 115	 117	 529	 412	 2	 414	 7 
519	 150	 110	 110	 114	 508	 394	 4	 398	 11 
518	 141	 104	 104	 112	 498	 386	 8	 394	 20 
511	 147	 109	 109	 112	 504	 392	 3	 395	 7 
500	 140	 104	 104	 110	 485	 375	 6	 381	 15 
488	 142	 104	 104	 108	 477	 369	 4	 373	 11 
485	 133	 98	 98	 105	 466	 361	 7	 368	 19 
479	 139	 103	 103	 105	 472	 367	 2	 369	 7 
475	 132	 98	 98	 103	 461	 358	 5	 363	 14 
462	 134	 98	 98	 102	 451	 349	 4	 353	 11 
458	 125	 92	 92	 100	 439	 339	 8	 347	 19 
455	 131	 97	 97	 100	 448	 348	 3	 351	 7 
451	 124	 92	 92	 98	 436	 338	 6	 344	 15 
438	 126	 92	 92	 96	 427	 331	 4	 335	 11 
433	 123	 91	 91	 93	 426	 333	 2	 335	 7 
433	 117	 86	 86	 93	 414	 321	 7	 328	 19 
422	 116	 86	 86	 92	 407	 315	 6	 321	 15 
415	 118	 86	 86	 90	 404	 314	 4	 318	 11 
407	 109	 80	 80	 88	 387	 299	 8	 307	 20 
392	 115	 85	 85	 87	 385	 298	 2	 300	 7 
390	 108	 80	 80	 86	 375	 289	 6	 295	 15 
385	 110	 80	 80	 84	 374	 290	 4	 294	 11 
368	 107	 79	 79	 82	 361	 279	 3	 282	 7 
367	 101	 74	 74	 81	 348	 267	 7	 274	 19 
360	 100	 74	 74	 79	 346	 267	 5	 272	 14 
359	 93	 68	 68	 76	 339	 263	 8	 271	 20 
351	 102	 74	 74	 78	 341	 263	 4	 267	 10 
339	 99	 73	 73	 75	 332	 257	 2	 259	 7 
333	 92	 68	 68	 74	 318	 244	 6	 250	 15 
328	 94	 68	 68	 72	 317	 245	 4	 249	 11 
323	 85	 62	 62	 69	 304	 235	 7	 242	 19 
318	 84	 62	 62	 68	 303	 235	 6	 241	 15 
311	 91	 67	 67	 69	 304	 235	 2	 237	 7 
299	 77	 56	 56	 64	 279	 215	 8	 223	 20 
294	 86	 62	 62	 66	 283	 217	 4	 221	 11 
288	 83	 61	 61	 64	 281	 217	 3	 220	 7 
280	 76	 56	 56	 62	 265	 203	 6	 209	 15 
264	 78	 56	 56	 60	 254	 194	 4	 198	 10 
262	 69	 50	 50	 57	 243	 186	 7	 193	 19 
259	 75	 55	 55	 57	 252	 195	 2	 197	 7 
256	 68	 50	 50	 55	 242	 187	 5	 192	 14 
242	 70	 50	 50	 54	 231	 177	 4	 181	 11 
236	 67	 49	 49	 52	 229	 177	 3	 180	 7 
234	 61	 44	 44	 52	 214	 162	 8	 170	 20 
227	 60	 44	 44	 50	 211	 161	 6	 167	 16 
221	 62	 44	 44	 48	 210	 162	 4	 166	 11 
211	 53	 38	 38	 45	 192	 147	 7	 154	 19 
205	 59	 43	 43	 45	 198	 153	 2	 155	 7 
200	 52	 38	 38	 44	 185	 141	 6	 147	 15 
188	 54	 38	 38	 42	 178	 136	 4	 140	 10 
180	 45	 32	 32	 40	 159	 119	 8	 127	 21 
179	 51	 37	 37	 40	 172	 132	 3	 135	 7 
168	 44	 32	 32	 38	 153	 115	 6	 121	 15 
158	 46	 32	 32	 36	 147	 111	 4	 115	 11 
154	 186	 138	 138	 141	 145	 4	 3	 7	 9 
153	 184	 136	 136	 140	 140	 0	 4	 4	 13 
149	 178	 132	 132	 136	 139	 3	 4	 7	 10 
146	 183	 135	 135	 137	 137	 0	 2	 2	 9 
143	 170	 126	 126	 130	 133	 3	 4	 7	 10 
142	 176	 130	 130	 133	 133	 0	 3	 3	 9 
141	 175	 129	 129	 131	 131	 0	 2	 2	 10 
141	 168	 124	 124	 128	 128	 0	 4	 4	 13 
139	 185	 137	 137	 138	 138	 0	 1	 1	 No Service 
138	 162	 120	 120	 123	 129	 6	 3	 9	 9 
136	 154	 114	 114	 118	 126	 8	 4	 12	 10 
135	 167	 123	 123	 125	 125	 0	 2	 2	 10 
134	 177	 131	 131	 133	 133	 0	 2	 2	 No Service 
134	 160	 118	 118	 122	 122	 0	 4	 4	 12 
129	 146	 108	 108	 112	 118	 6	 4	 10	 11 
128	 169	 125	 125	 127	 127	 0	 2	 2	 No Service 
128	 159	 117	 117	 119	 119	 0	 2	 2	 9 
124	 138	 102	 102	 105	 115	 10	 3	 13	 9 
124	 151	 111	 111	 113	 113	 0	 2	 2	 11 
123	 152	 112	 112	 115	 115	 0	 3	 3	 8 
123	 144	 106	 106	 110	 110	 0	 4	 4	 13 
121	 161	 119	 119	 120	 120	 0	 1	 1	 No Service 
119	 130	 96	 96	 100	 109	 9	 4	 13	 10 
117	 143	 105	 105	 107	 107	 0	 2	 2	 10 
116	 153	 113	 113	 115	 115	 0	 2	 2	 No Service 
116	 122	 90	 90	 94	 105	 11	 4	 15	 11 
112	 136	 100	 100	 103	 103	 0	 3	 3	 9 
112	 135	 99	 99	 101	 101	 0	 2	 2	 11 
110	 145	 107	 107	 109	 109	 0	 2	 2	 No Service 
109	 114	 84	 84	 87	 100	 13	 3	 16	 9 
106	 128	 94	 94	 97	 97	 0	 3	 3	 9 
106	 120	 88	 88	 92	 92	 0	 4	 4	 14 
105	 106	 78	 78	 82	 95	 13	 4	 17	 10 
105	 127	 93	 93	 95	 95	 0	 2	 2	 10 
103	 137	 101	 101	 102	 102	 0	 1	 1	 No Service 
99	 98	 72	 72	 76	 88	 12	 4	 16	 11 
98	 129	 95	 95	 97	 97	 0	 2	 2	 No Service 
98	 119	 87	 87	 89	 89	 0	 2	 2	 9 
96	 90	 66	 66	 69	 86	 17	 3	 20	 10 
94	 111	 81	 81	 83	 83	 0	 2	 2	 11 
93	 112	 82	 82	 85	 85	 0	 3	 3	 8 
93	 104	 76	 76	 80	 80	 0	 4	 4	 13 
92	 121	 89	 89	 91	 91	 0	 2	 2	 No Service 
87	 103	 75	 75	 77	 77	 0	 2	 2	 10 
85	 113	 83	 83	 84	 84	 0	 1	 1	 No Service 
82	 82	 60	 60	 64	 72	 8	 4	 12	 10 
81	 96	 70	 70	 73	 73	 0	 3	 3	 8 
81	 95	 69	 69	 71	 71	 0	 2	 2	 10 
80	 105	 77	 77	 79	 79	 0	 2	 2	 No Service 
80	 88	 64	 64	 68	 68	 0	 4	 4	 12 
76	 74	 54	 54	 58	 66	 8	 4	 12	 10 
74	 97	 71	 71	 73	 73	 0	 2	 2	 No Service 
74	 87	 63	 63	 65	 65	 0	 2	 2	 9 
70	 80	 58	 58	 61	 61	 0	 3	 3	 9 
69	 58	 42	 42	 46	 59	 13	 4	 17	 10 
69	 79	 57	 57	 59	 59	 0	 2	 2	 10 
68	 66	 48	 48	 51	 59	 8	 3	 11	 9 
67	 89	 65	 65	 66	 66	 0	 1	 1	 No Service 
66	 72	 52	 52	 55	 55	 0	 3	 3	 11 
63	 64	 46	 46	 50	 50	 0	 4	 4	 13 
62	 81	 59	 59	 61	 61	 0	 2	 2	 No Service 
62	 71	 51	 51	 53	 53	 0	 2	 2	 9 
57	 63	 45	 45	 47	 47	 0	 2	 2	 10 
56	 73	 53	 53	 55	 55	 0	 2	 2	 No Service 
56	 50	 36	 36	 40	 46	 6	 4	 10	 10 
53	 6	 2	 3	 13	 33	 21	 10	 31	 20 
52	 56	 40	 40	 43	 43	 0	 3	 3	 9 
52	 55	 39	 39	 41	 41	 0	 2	 2	 11 
49	 65	 47	 47	 48	 48	 0	 1	 1	 No Service 
49	 48	 34	 34	 38	 38	 0	 4	 4	 11 
46	 12	 8	 8	 13	 33	 20	 5	 25	 13 
45	 47	 33	 33	 35	 35	 0	 2	 2	 10 
44	 57	 41	 41	 43	 43	 0	 2	 2	 No Service 
43	 4	 2	 2	 10	 26	 16	 8	 24	 17 
39	 14	 8	 8	 11	 31	 20	 3	 23	 8 
39	 40	 28	 28	 31	 31	 0	 3	 3	 8 
39	 39	 27	 27	 29	 29	 0	 2	 2	 10 
39	 32	 22	 22	 26	 26	 0	 4	 4	 13 
38	 49	 35	 35	 37	 37	 0	 2	 2	 No Service 
32	 31	 21	 21	 23	 23	 0	 2	 2	 9 
31	 41	 29	 29	 30	 30	 0	 1	 1	 No Service 
28	 24	 16	 16	 19	 19	 0	 3	 3	 9 
27	 11	 7	 7	 9	 21	 12	 2	 14	 6 
27	 23	 15	 15	 17	 17	 0	 2	 2	 10 
26	 33	 23	 23	 25	 25	 0	 2	 2	 No Service 
26	 16	 10	 10	 14	 14	 0	 4	 4	 12 
24	 18	 12	 12	 15	 15	 0	 3	 3	 9 
21	 15	 9	 11	 13	 13	 2	 2	 4	 8 
20	 25	 17	 17	 19	 19	 0	 2	 2	 No Service 
19	 2	 1	 1	 7	 7	 0	 6	 6	 12 
18	 10	 6	 6	 9	 9	 0	 3	 3	 9 
18	 8	 4	 4	 7	 7	 0	 3	 3	 11 
17	 7	 3	 6	 8	 8	 3	 2	 5	 9 
13	 17	 11	 11	 12	 12	 0	 1	 1	 No Service 
13	 3	 1	 1	 5	 5	 0	 4	 4	 8 
10	 5	 2	 2	 5	 5	 0	 3	 3	 5 
8	 9	 5	 5	 7	 7	 0	 2	 2	 No Service 
5	 1	 1	 1	 2	 2	 0	 1	 1	 3 

Total number of orders: 170

Canceled Orders: 0

Dine-In Orders: 46

Delivery Orders: 101

Takeaway Orders: 23

Total number of chefs: 13

Special Chefs: 5

Normal Chefs: 8

Total number of Scooters: 4

Percentage of Finished orders: 100%

Percentage of Cancelled orders: 0%

Average for Ti TC Tw Tserv for all finished orders
Ti =  130.924 
Tc = 3.71765 
Tw =  134.641 
Tserv =  9.98824

Scooters utilization % 95.2345

Chefs utilization % 8.27418
