479	 180	 89	 89	 97	 456	 359	 8	 367	 23 
472	 181	 90	 90	 97	 463	 366	 7	 373	 9 
472	 179	 89	 89	 97	 448	 351	 8	 359	 24 
460	 167	 83	 83	 91	 437	 346	 8	 354	 23 
455	 182	 90	 90	 96	 446	 350	 6	 356	 9 
448	 168	 83	 83	 90	 426	 336	 7	 343	 22 
439	 169	 84	 84	 90	 430	 340	 6	 346	 9 
434	 155	 77	 77	 85	 411	 326	 8	 334	 23 
431	 170	 84	 84	 89	 422	 333	 5	 338	 9 
418	 157	 78	 78	 84	 409	 325	 6	 331	 9 
416	 156	 77	 77	 84	 394	 310	 7	 317	 22 
402	 144	 71	 71	 78	 381	 303	 7	 310	 21 
400	 143	 71	 71	 78	 378	 300	 7	 307	 22 
394	 158	 78	 78	 83	 386	 303	 5	 308	 8 
382	 131	 65	 65	 72	 360	 288	 7	 295	 22 
378	 145	 72	 72	 77	 369	 292	 5	 297	 9 
373	 146	 72	 72	 76	 365	 289	 4	 293	 8 
366	 132	 65	 65	 71	 345	 274	 6	 280	 21 
357	 133	 66	 66	 71	 348	 277	 5	 282	 9 
357	 119	 59	 59	 66	 335	 269	 7	 276	 22 
352	 134	 66	 66	 70	 344	 274	 4	 278	 8 
349	 120	 59	 59	 65	 328	 263	 6	 269	 21 
333	 121	 60	 60	 64	 325	 261	 4	 265	 8 
324	 108	 53	 53	 59	 304	 245	 6	 251	 20 
324	 107	 53	 53	 59	 303	 244	 6	 250	 21 
317	 122	 60	 60	 63	 309	 246	 3	 249	 8 
308	 95	 47	 47	 53	 287	 234	 6	 240	 21 
302	 96	 47	 47	 52	 282	 230	 5	 235	 20 
301	 109	 54	 54	 58	 293	 235	 4	 239	 8 
296	 110	 54	 54	 57	 288	 231	 3	 234	 8 
279	 97	 48	 48	 51	 271	 220	 3	 223	 8 
278	 83	 41	 41	 46	 258	 212	 5	 217	 20 
274	 98	 48	 48	 50	 267	 217	 2	 219	 7 
269	 84	 41	 41	 45	 251	 206	 4	 210	 18 
262	 71	 35	 35	 41	 242	 201	 6	 207	 20 
260	 85	 42	 42	 45	 253	 208	 3	 211	 7 
252	 72	 35	 35	 40	 233	 193	 5	 198	 19 
251	 86	 42	 42	 44	 244	 200	 2	 202	 7 
237	 74	 36	 36	 39	 229	 190	 3	 193	 8 
235	 60	 29	 30	 35	 216	 182	 5	 187	 19 
234	 73	 36	 36	 39	 226	 187	 3	 190	 8 
232	 59	 29	 30	 35	 212	 178	 5	 183	 20 
215	 61	 30	 30	 33	 207	 174	 3	 177	 8 
214	 47	 23	 23	 28	 195	 167	 5	 172	 19 
202	 62	 30	 30	 32	 195	 163	 2	 165	 7 
202	 48	 23	 23	 27	 184	 157	 4	 161	 18 
198	 49	 24	 24	 27	 190	 163	 3	 166	 8 
189	 35	 17	 18	 23	 171	 149	 5	 154	 18 
181	 50	 24	 24	 26	 174	 148	 2	 150	 7 
179	 36	 17	 18	 22	 162	 141	 4	 145	 17 
173	 24	 11	 11	 15	 156	 141	 4	 145	 17 
169	 23	 11	 11	 15	 154	 139	 4	 143	 15 
168	 38	 18	 18	 20	 161	 141	 2	 143	 7 
164	 37	 18	 18	 20	 157	 137	 2	 139	 7 
156	 26	 12	 12	 14	 149	 135	 2	 137	 7 
150	 178	 88	 89	 93	 138	 46	 4	 50	 12 
149	 25	 12	 12	 14	 142	 128	 2	 130	 7 
145	 177	 88	 89	 92	 136	 45	 3	 48	 9 
139	 166	 82	 83	 87	 127	 41	 4	 45	 12 
133	 165	 82	 83	 86	 124	 39	 3	 42	 9 
124	 154	 76	 77	 81	 112	 32	 4	 36	 12 
120	 153	 76	 77	 80	 111	 32	 3	 35	 9 
120	 142	 70	 71	 75	 108	 34	 4	 38	 12 
118	 141	 70	 71	 74	 108	 35	 3	 38	 10 
117	 173	 86	 86	 94	 94	 0	 8	 8	 23 
115	 174	 86	 86	 93	 93	 0	 7	 7	 22 
113	 130	 64	 65	 69	 102	 34	 4	 38	 11 
109	 161	 80	 80	 87	 87	 0	 7	 7	 22 
108	 162	 80	 80	 87	 87	 0	 7	 7	 21 
102	 129	 64	 65	 68	 93	 26	 3	 29	 9 
102	 149	 74	 74	 81	 81	 0	 7	 7	 21 
101	 118	 58	 59	 63	 89	 27	 4	 31	 12 
100	 150	 74	 74	 80	 80	 0	 6	 6	 20 
99	 117	 58	 59	 62	 89	 28	 3	 31	 10 
97	 106	 52	 53	 57	 86	 30	 4	 34	 11 
95	 172	 85	 85	 86	 86	 0	 1	 1	 9 
94	 171	 85	 85	 86	 86	 0	 1	 1	 8 
94	 137	 68	 68	 74	 74	 0	 6	 6	 20 
93	 105	 52	 53	 56	 84	 29	 3	 32	 9 
93	 138	 68	 68	 74	 74	 0	 6	 6	 19 
90	 175	 87	 87	 89	 89	 0	 2	 2	 No Service 
89	 176	 87	 87	 88	 88	 0	 1	 1	 No Service 
89	 160	 79	 79	 80	 80	 0	 1	 1	 9 
88	 159	 79	 79	 80	 80	 0	 1	 1	 8 
87	 125	 62	 62	 68	 68	 0	 6	 6	 19 
85	 126	 62	 62	 67	 67	 0	 5	 5	 18 
84	 164	 81	 81	 83	 83	 0	 2	 2	 No Service 
83	 163	 81	 81	 82	 82	 0	 1	 1	 No Service 
83	 148	 73	 73	 74	 74	 0	 1	 1	 9 
82	 147	 73	 73	 74	 74	 0	 1	 1	 8 
82	 94	 46	 47	 51	 71	 21	 4	 25	 11 
79	 113	 56	 56	 61	 61	 0	 5	 5	 18 
78	 151	 75	 75	 77	 77	 0	 2	 2	 No Service 
78	 82	 40	 41	 45	 66	 22	 4	 26	 12 
78	 114	 56	 56	 61	 61	 0	 5	 5	 17 
77	 152	 75	 75	 76	 76	 0	 1	 1	 No Service 
77	 93	 46	 47	 50	 68	 19	 3	 22	 9 
76	 136	 67	 67	 68	 68	 0	 1	 1	 8 
76	 135	 67	 67	 68	 68	 0	 1	 1	 8 
73	 81	 40	 41	 44	 64	 21	 3	 24	 9 
72	 140	 69	 69	 71	 71	 0	 2	 2	 No Service 
72	 101	 50	 50	 55	 55	 0	 5	 5	 17 
71	 139	 69	 69	 70	 70	 0	 1	 1	 No Service 
71	 124	 61	 61	 62	 62	 0	 1	 1	 9 
70	 123	 61	 61	 62	 62	 0	 1	 1	 8 
70	 102	 50	 50	 54	 54	 0	 4	 4	 16 
66	 127	 63	 63	 65	 65	 0	 2	 2	 No Service 
66	 70	 34	 35	 39	 55	 17	 4	 21	 11 
65	 128	 63	 63	 64	 64	 0	 1	 1	 No Service 
65	 112	 55	 55	 56	 56	 0	 1	 1	 9 
64	 111	 55	 55	 56	 56	 0	 1	 1	 8 
64	 89	 44	 44	 48	 48	 0	 4	 4	 16 
63	 90	 44	 44	 48	 48	 0	 4	 4	 15 
60	 116	 57	 57	 59	 59	 0	 2	 2	 No Service 
59	 115	 57	 57	 58	 58	 0	 1	 1	 No Service 
59	 100	 49	 49	 50	 50	 0	 1	 1	 9 
58	 99	 49	 49	 50	 50	 0	 1	 1	 8 
55	 69	 34	 35	 38	 45	 8	 3	 11	 10 
55	 78	 38	 38	 41	 41	 0	 3	 3	 14 
54	 103	 51	 51	 53	 53	 0	 2	 2	 No Service 
53	 104	 51	 51	 52	 52	 0	 1	 1	 No Service 
53	 88	 43	 43	 44	 44	 0	 1	 1	 9 
53	 58	 28	 28	 32	 42	 10	 4	 14	 11 
52	 87	 43	 43	 44	 44	 0	 1	 1	 8 
51	 77	 38	 38	 40	 40	 0	 2	 2	 11 
50	 57	 28	 28	 30	 41	 11	 2	 13	 9 
50	 46	 22	 23	 27	 39	 13	 4	 17	 11 
50	 65	 32	 32	 36	 36	 0	 4	 4	 14 
48	 92	 45	 45	 47	 47	 0	 2	 2	 No Service 
48	 66	 32	 32	 35	 35	 0	 3	 3	 13 
47	 91	 45	 45	 46	 46	 0	 1	 1	 No Service 
47	 76	 37	 37	 38	 38	 0	 1	 1	 9 
46	 75	 37	 37	 38	 38	 0	 1	 1	 8 
46	 45	 22	 23	 26	 37	 12	 3	 15	 9 
42	 79	 39	 39	 41	 41	 0	 2	 2	 No Service 
42	 53	 26	 26	 29	 29	 0	 3	 3	 13 
41	 80	 39	 39	 40	 40	 0	 1	 1	 No Service 
41	 54	 26	 26	 29	 29	 0	 3	 3	 12 
40	 64	 31	 31	 32	 32	 0	 1	 1	 8 
39	 63	 31	 31	 32	 32	 0	 1	 1	 7 
36	 68	 33	 33	 35	 35	 0	 2	 2	 No Service 
36	 34	 16	 16	 19	 26	 7	 3	 10	 10 
35	 67	 33	 33	 34	 34	 0	 1	 1	 No Service 
35	 52	 25	 25	 26	 26	 0	 1	 1	 9 
35	 42	 20	 20	 23	 23	 0	 3	 3	 12 
34	 51	 25	 25	 26	 26	 0	 1	 1	 8 
33	 41	 20	 20	 22	 22	 0	 2	 2	 11 
31	 33	 16	 16	 18	 22	 4	 2	 6	 9 
31	 22	 10	 11	 14	 21	 8	 3	 11	 10 
30	 56	 27	 27	 29	 29	 0	 2	 2	 No Service 
29	 55	 27	 27	 28	 28	 0	 1	 1	 No Service 
29	 40	 19	 19	 20	 20	 0	 1	 1	 9 
29	 29	 14	 14	 17	 17	 0	 3	 3	 12 
28	 39	 19	 19	 20	 20	 0	 1	 1	 8 
27	 30	 14	 14	 16	 16	 0	 2	 2	 11 
26	 12	 5	 6	 10	 10	 1	 4	 5	 16 
24	 43	 21	 21	 23	 23	 0	 2	 2	 No Service 
23	 44	 21	 21	 22	 22	 0	 1	 1	 No Service 
23	 28	 13	 13	 14	 14	 0	 1	 1	 9 
23	 11	 5	 6	 9	 9	 1	 3	 4	 14 
21	 27	 13	 13	 14	 14	 0	 1	 1	 7 
21	 17	 8	 8	 10	 10	 0	 2	 2	 11 
20	 18	 8	 8	 10	 10	 0	 2	 2	 10 
18	 32	 15	 15	 17	 17	 0	 2	 2	 No Service 
17	 31	 15	 15	 16	 16	 0	 1	 1	 No Service 
17	 16	 7	 7	 8	 8	 0	 1	 1	 9 
17	 10	 4	 4	 7	 7	 0	 3	 3	 10 
16	 15	 7	 7	 8	 8	 0	 1	 1	 8 
15	 14	 6	 6	 8	 8	 0	 2	 2	 7 
15	 13	 6	 6	 8	 8	 0	 2	 2	 7 
14	 4	 2	 2	 4	 4	 0	 2	 2	 10 
13	 6	 2	 2	 4	 4	 0	 2	 2	 9 
12	 20	 9	 9	 11	 11	 0	 2	 2	 No Service 
11	 19	 9	 9	 10	 10	 0	 1	 1	 No Service 
11	 5	 2	 2	 3	 3	 0	 1	 1	 8 
11	 2	 1	 1	 2	 2	 0	 1	 1	 9 
10	 1	 1	 1	 2	 2	 0	 1	 1	 8 
9	 3	 1	 1	 2	 2	 0	 1	 1	 7 
6	 8	 3	 3	 5	 5	 0	 2	 2	 No Service 
5	 7	 3	 3	 4	 4	 0	 1	 1	 No Service 

Total number of orders: 182

Canceled Orders: 2

Dine-In Orders: 62

Delivery Orders: 88

Takeaway Orders: 30

Total number of chefs: 16

Special Chefs: 6

Normal Chefs: 10

Total number of Scooters: 5

Percentage of Finished orders: 98.9011%

Percentage of Cancelled orders: 1.0989%

Average for Ti TC Tw Tserv for all finished orders
Ti =  77.3889 
Tc = 3.2 
Tw =  80.5889 
Tserv =  10.3056

Scooters utilization % 96.25

Chefs utilization % 7.5651
