614	 166	 201	 201	 207	 559	 352	 6	 358	 55 
610	 17	 204	 204	 206	 550	 344	 2	 346	 60 
584	 91	 199	 199	 203	 530	 327	 4	 331	 54 
552	 211	 199	 199	 201	 502	 301	 2	 303	 50 
501	 189	 180	 180	 184	 443	 259	 4	 263	 58 
500	 115	 192	 192	 198	 498	 300	 6	 306	 2 
497	 158	 183	 183	 189	 444	 255	 6	 261	 53 
477	 191	 192	 192	 196	 456	 260	 4	 264	 21 
465	 128	 175	 175	 182	 400	 218	 7	 225	 65 
441	 172	 176	 176	 182	 438	 256	 6	 262	 3 
392	 113	 170	 170	 176	 335	 159	 6	 165	 57 
388	 117	 170	 170	 171	 331	 160	 1	 161	 57 
376	 200	 158	 158	 160	 322	 162	 2	 164	 54 
353	 46	 154	 154	 160	 306	 146	 6	 152	 47 
313	 222	 298	 298	 300	 300	 0	 2	 2	 13 
307	 33	 283	 283	 288	 288	 0	 5	 5	 19 
306	 61	 152	 152	 154	 289	 135	 2	 137	 17 
298	 206	 293	 293	 297	 297	 0	 4	 4	 No Service 
298	 38	 293	 293	 297	 297	 0	 4	 4	 No Service 
298	 58	 274	 274	 275	 275	 0	 1	 1	 23 
296	 182	 291	 291	 295	 295	 0	 4	 4	 No Service 
296	 122	 290	 290	 292	 292	 0	 2	 2	 4 
293	 251	 288	 288	 289	 289	 0	 1	 1	 4 
293	 36	 275	 275	 280	 280	 0	 5	 5	 13 
290	 12	 288	 288	 289	 289	 0	 1	 1	 No Service 
288	 173	 272	 272	 277	 277	 0	 5	 5	 11 
287	 217	 146	 146	 147	 252	 105	 1	 106	 35 
286	 177	 283	 283	 285	 285	 0	 2	 2	 No Service 
285	 232	 280	 280	 284	 284	 0	 4	 4	 No Service 
285	 145	 144	 144	 149	 264	 115	 5	 120	 21 
284	 27	 282	 282	 283	 283	 0	 1	 1	 No Service 
281	 233	 276	 276	 280	 280	 0	 4	 4	 No Service 
279	 194	 145	 145	 150	 268	 118	 5	 123	 11 
279	 129	 263	 263	 268	 268	 0	 5	 5	 11 
276	 60	 208	 208	 209	 216	 7	 1	 8	 60 
275	 88	 270	 270	 272	 272	 0	 2	 2	 3 
274	 85	 271	 271	 273	 273	 0	 2	 2	 No Service 
272	 110	 254	 254	 255	 255	 0	 1	 1	 17 
271	 31	 268	 268	 270	 270	 0	 2	 2	 No Service 
270	 214	 265	 265	 269	 269	 0	 4	 4	 No Service 
270	 199	 265	 265	 269	 269	 0	 4	 4	 No Service 
268	 244	 246	 246	 248	 248	 0	 2	 2	 20 
266	 143	 264	 264	 265	 265	 0	 1	 1	 No Service 
265	 68	 261	 261	 264	 264	 0	 3	 3	 No Service 
262	 99	 257	 257	 261	 261	 0	 4	 4	 No Service 
262	 64	 251	 251	 256	 256	 0	 5	 5	 6 
262	 157	 244	 244	 249	 249	 0	 5	 5	 13 
257	 45	 254	 254	 256	 256	 0	 2	 2	 No Service 
252	 208	 248	 249	 251	 251	 1	 2	 3	 No Service 
252	 255	 145	 145	 147	 235	 88	 2	 90	 17 
251	 139	 248	 248	 250	 250	 0	 2	 2	 No Service 
251	 185	 246	 246	 250	 250	 0	 4	 4	 No Service 
249	 124	 240	 240	 245	 245	 0	 5	 5	 4 
249	 13	 219	 219	 224	 224	 0	 5	 5	 25 
243	 7	 240	 240	 242	 242	 0	 2	 2	 No Service 
242	 2	 240	 240	 241	 241	 0	 1	 1	 No Service 
240	 93	 225	 225	 230	 230	 0	 5	 5	 10 
239	 70	 236	 236	 238	 238	 0	 2	 2	 No Service 
239	 249	 235	 235	 238	 238	 0	 3	 3	 No Service 
239	 4	 235	 235	 238	 238	 0	 3	 3	 No Service 
238	 240	 233	 233	 237	 237	 0	 4	 4	 No Service 
237	 56	 225	 225	 229	 229	 0	 4	 4	 8 
235	 245	 232	 232	 234	 234	 0	 2	 2	 No Service 
232	 41	 230	 230	 231	 231	 0	 1	 1	 No Service 
232	 24	 177	 177	 179	 212	 33	 2	 35	 20 
232	 181	 207	 207	 208	 208	 0	 1	 1	 24 
227	 146	 175	 175	 176	 189	 13	 1	 14	 38 
223	 212	 220	 220	 222	 222	 0	 2	 2	 No Service 
223	 112	 218	 218	 222	 222	 0	 4	 4	 No Service 
222	 123	 217	 217	 221	 221	 0	 4	 4	 No Service 
219	 210	 208	 208	 209	 209	 0	 1	 1	 10 
217	 39	 215	 215	 216	 216	 0	 1	 1	 No Service 
210	 29	 194	 194	 198	 198	 0	 4	 4	 12 
210	 105	 185	 185	 186	 186	 0	 1	 1	 24 
209	 62	 206	 206	 208	 208	 0	 2	 2	 No Service 
209	 156	 204	 204	 208	 208	 0	 4	 4	 No Service 
208	 116	 206	 206	 207	 207	 0	 1	 1	 No Service 
207	 196	 202	 202	 206	 206	 0	 4	 4	 No Service 
205	 135	 186	 186	 191	 191	 0	 5	 5	 14 
204	 230	 201	 201	 203	 203	 0	 2	 2	 No Service 
204	 164	 183	 183	 185	 185	 0	 2	 2	 19 
203	 20	 198	 198	 202	 202	 0	 4	 4	 No Service 
202	 246	 198	 198	 201	 201	 0	 3	 3	 No Service 
202	 165	 197	 197	 198	 198	 0	 1	 1	 4 
201	 96	 189	 189	 194	 194	 0	 5	 5	 7 
199	 79	 197	 197	 198	 198	 0	 1	 1	 No Service 
198	 66	 193	 193	 197	 197	 0	 4	 4	 No Service 
198	 98	 182	 182	 187	 187	 0	 5	 5	 11 
196	 127	 179	 179	 184	 184	 0	 5	 5	 12 
194	 241	 183	 183	 187	 187	 0	 4	 4	 7 
192	 97	 190	 190	 191	 191	 0	 1	 1	 No Service 
192	 130	 185	 185	 189	 189	 0	 4	 4	 3 
191	 183	 189	 189	 190	 190	 0	 1	 1	 No Service 
189	 3	 187	 187	 188	 188	 0	 1	 1	 No Service 
187	 137	 183	 183	 186	 186	 0	 3	 3	 No Service 
187	 67	 182	 182	 186	 186	 0	 4	 4	 No Service 
186	 75	 181	 181	 185	 185	 0	 4	 4	 No Service 
0	 87	 139	 139	 141	 0	 -141	 2	 -139	 34 
0	 209	 133	 133	 137	 0	 -137	 4	 -133	 62 
0	 184	 130	 130	 136	 0	 -136	 6	 -130	 60 
0	 152	 133	 133	 134	 0	 -134	 1	 -133	 67 
184	 51	 126	 126	 129	 132	 3	 3	 6	 52 
183	 148	 179	 179	 182	 182	 0	 3	 3	 No Service 
182	 30	 153	 153	 157	 157	 0	 4	 4	 25 
181	 248	 153	 153	 156	 156	 0	 3	 3	 25 
180	 54	 178	 178	 179	 179	 0	 1	 1	 No Service 
179	 131	 167	 167	 168	 168	 0	 1	 1	 11 
179	 144	 105	 105	 111	 141	 30	 6	 36	 38 
178	 215	 173	 173	 177	 177	 0	 4	 4	 No Service 
178	 121	 151	 151	 156	 156	 0	 5	 5	 22 
177	 159	 154	 154	 156	 156	 0	 2	 2	 21 
174	 219	 172	 172	 173	 173	 0	 1	 1	 No Service 
174	 188	 170	 170	 173	 173	 0	 3	 3	 No Service 
174	 73	 163	 163	 167	 167	 0	 4	 4	 7 
173	 174	 145	 145	 150	 164	 14	 5	 19	 9 
170	 47	 167	 167	 169	 169	 0	 2	 2	 No Service 
169	 247	 164	 164	 168	 168	 0	 4	 4	 No Service 
168	 8	 164	 164	 167	 167	 0	 3	 3	 No Service 
168	 126	 160	 160	 162	 163	 1	 2	 3	 5 
166	 89	 163	 163	 165	 165	 0	 2	 2	 No Service 
166	 63	 158	 158	 162	 162	 0	 4	 4	 4 
165	 53	 107	 107	 113	 118	 5	 6	 11	 47 
163	 72	 152	 152	 157	 157	 0	 5	 5	 6 
163	 179	 106	 106	 113	 144	 31	 7	 38	 19 
161	 44	 139	 139	 140	 140	 0	 1	 1	 21 
157	 151	 152	 152	 156	 156	 0	 4	 4	 No Service 
155	 16	 148	 148	 150	 150	 0	 2	 2	 5 
155	 107	 113	 113	 114	 145	 31	 1	 32	 10 
154	 169	 149	 149	 153	 153	 0	 4	 4	 No Service 
152	 15	 145	 145	 149	 149	 0	 4	 4	 3 
151	 133	 146	 148	 150	 150	 2	 2	 4	 No Service 
151	 100	 123	 123	 127	 127	 0	 4	 4	 24 
149	 195	 145	 145	 148	 148	 0	 3	 3	 No Service 
148	 77	 144	 144	 147	 147	 0	 3	 3	 No Service 
147	 197	 134	 134	 137	 137	 0	 3	 3	 10 
145	 175	 140	 140	 144	 144	 0	 4	 4	 No Service 
142	 28	 138	 138	 141	 141	 0	 3	 3	 No Service 
142	 252	 122	 122	 124	 124	 0	 2	 2	 18 
135	 119	 131	 131	 134	 134	 0	 3	 3	 No Service 
134	 220	 130	 130	 133	 133	 0	 3	 3	 No Service 
134	 102	 130	 130	 133	 133	 0	 3	 3	 No Service 
127	 180	 124	 124	 126	 126	 0	 2	 2	 No Service 
126	 238	 121	 121	 125	 125	 0	 4	 4	 No Service 
124	 160	 122	 122	 123	 123	 0	 1	 1	 No Service 
124	 207	 47	 47	 54	 103	 49	 7	 56	 21 
120	 9	 104	 104	 106	 106	 0	 2	 2	 14 
119	 108	 115	 115	 118	 118	 0	 3	 3	 No Service 
119	 198	 104	 104	 105	 105	 0	 1	 1	 14 
117	 43	 104	 104	 105	 105	 0	 1	 1	 12 
117	 226	 96	 96	 99	 99	 0	 3	 3	 18 
117	 80	 92	 92	 96	 96	 0	 4	 4	 21 
113	 34	 111	 111	 112	 112	 0	 1	 1	 No Service 
110	 111	 44	 44	 50	 50	 0	 6	 6	 60 
108	 125	 103	 103	 107	 107	 0	 4	 4	 No Service 
108	 32	 49	 49	 52	 71	 19	 3	 22	 37 
107	 227	 94	 94	 95	 95	 0	 1	 1	 12 
106	 168	 104	 104	 105	 105	 0	 1	 1	 No Service 
106	 235	 102	 102	 105	 105	 0	 3	 3	 No Service 
106	 48	 93	 93	 94	 94	 0	 1	 1	 12 
105	 225	 96	 96	 98	 98	 0	 2	 2	 7 
102	 86	 99	 99	 101	 101	 0	 2	 2	 No Service 
102	 71	 99	 99	 101	 101	 0	 2	 2	 No Service 
97	 104	 68	 68	 73	 73	 0	 5	 5	 24 
96	 18	 94	 94	 95	 95	 0	 1	 1	 No Service 
96	 142	 77	 77	 80	 80	 0	 3	 3	 16 
96	 201	 47	 47	 51	 51	 0	 4	 4	 45 
92	 90	 84	 84	 89	 89	 0	 5	 5	 3 
91	 134	 48	 48	 54	 56	 2	 6	 8	 35 
87	 35	 64	 64	 68	 68	 0	 4	 4	 19 
87	 11	 61	 61	 65	 65	 0	 4	 4	 22 
85	 49	 80	 80	 84	 84	 0	 4	 4	 No Service 
84	 76	 48	 48	 49	 49	 0	 1	 1	 35 
83	 22	 46	 46	 52	 62	 10	 6	 16	 21 
81	 40	 23	 23	 29	 29	 0	 6	 6	 52 
78	 25	 75	 75	 77	 77	 0	 2	 2	 No Service 
77	 140	 75	 75	 76	 76	 0	 1	 1	 No Service 
72	 193	 68	 68	 71	 71	 0	 3	 3	 No Service 
70	 23	 51	 51	 55	 55	 0	 4	 4	 15 
66	 82	 49	 49	 52	 52	 0	 3	 3	 14 
59	 221	 40	 40	 47	 47	 0	 7	 7	 12 
59	 92	 36	 36	 38	 38	 0	 2	 2	 21 
59	 203	 30	 30	 34	 34	 0	 4	 4	 25 
58	 202	 54	 54	 57	 57	 0	 3	 3	 No Service 
58	 37	 33	 33	 35	 35	 0	 2	 2	 23 
57	 239	 55	 55	 56	 56	 0	 1	 1	 No Service 
56	 154	 38	 38	 42	 42	 0	 4	 4	 14 
55	 242	 46	 46	 50	 50	 0	 4	 4	 5 
55	 170	 42	 42	 47	 47	 0	 5	 5	 8 
54	 1	 49	 50	 53	 53	 1	 3	 4	 No Service 
52	 136	 47	 47	 51	 51	 0	 4	 4	 No Service 
51	 187	 33	 33	 37	 37	 0	 4	 4	 14 
44	 218	 40	 40	 43	 43	 0	 3	 3	 No Service 
44	 118	 21	 21	 22	 22	 0	 1	 1	 22 
43	 186	 29	 29	 30	 30	 0	 1	 1	 13 
41	 103	 36	 36	 40	 40	 0	 4	 4	 No Service 
38	 84	 30	 30	 35	 35	 0	 5	 5	 3 
38	 171	 18	 18	 20	 20	 0	 2	 2	 18 
37	 21	 35	 35	 36	 36	 0	 1	 1	 No Service 
36	 94	 25	 25	 29	 29	 0	 4	 4	 7 
33	 178	 25	 25	 26	 26	 0	 1	 1	 7 
27	 50	 22	 22	 26	 26	 0	 4	 4	 No Service 
25	 120	 20	 20	 24	 24	 0	 4	 4	 No Service 
24	 26	 7	 7	 12	 12	 0	 5	 5	 12 
24	 162	 7	 7	 11	 11	 0	 4	 4	 13 
22	 213	 20	 20	 21	 21	 0	 1	 1	 No Service 
22	 224	 6	 6	 11	 11	 0	 5	 5	 11 
19	 59	 9	 9	 14	 14	 0	 5	 5	 5 
18	 78	 5	 5	 7	 7	 0	 2	 2	 11 
14	 101	 9	 9	 13	 13	 0	 4	 4	 No Service 
11	 205	 4	 4	 7	 7	 0	 3	 3	 4 
8	 6	 5	 5	 7	 7	 0	 2	 2	 No Service 

Total number of orders: 211

Canceled Orders: 0

Dine-In Orders: 75

Delivery Orders: 44

Takeaway Orders: 92

Total number of chefs: 11

Special Chefs: 6

Normal Chefs: 5

Total number of Scooters: 7

Percentage of Finished orders: 100%

Percentage of Cancelled orders: 0%

Average for Ti TC Tw Tserv for all finished orders
Ti =  17.8389 
Tc = 3.14218 
Tw =  20.981 
Tserv =  12.2654

Scooters utilization % 70.9872

Chefs utilization % 11.929
