86 50 49 49 54 54 0 5 5 32 
84 37 36 36 43 47 4 7 11 37 
80 44 43 43 48 52 4 5 9 28 
76 36 35 35 38 54 16 3 19 22 
74 13 12 12 15 54 39 3 42 20 
72 19 18 18 20 54 34 2 36 18 
71 31 30 30 33 54 21 3 24 17 
70 47 46 46 49 54 5 3 8 16 
70 11 10 10 13 54 41 3 44 16 
70 30 29 29 35 36 1 6 7 34 
69 40 39 39 42 54 12 3 15 15 
69 43 42 42 45 47 2 3 5 22 
68 23 22 22 26 54 28 4 32 14 
66 34 33 33 36 54 18 3 21 12 
66 8 7 7 8 54 46 1 47 12 
65 42 41 41 42 54 12 1 13 11 
65 17 16 16 19 54 35 3 38 11 
65 45 44 50 52 52 6 2 8 13 
64 24 23 23 25 54 29 2 31 10 
63 28 27 27 29 54 25 2 27 9 
62 46 45 45 47 54 7 2 9 8 
62 6 5 5 6 54 48 1 49 8 
61 39 38 44 47 47 6 3 9 14 
59 33 32 38 41 41 6 3 9 18 
58 49 48 48 50 50 0 2 2 8 
57 27 26 32 36 36 6 4 10 21 
49 48 47 47 48 0 -48 1 -47 No Tserv 
43 41 40 40 42 0 -42 2 -40 No Tserv 
36 35 34 34 35 0 -35 1 -34 No Tserv 
31 29 28 28 30 0 -30 2 -28 No Tserv 
27 25 24 24 26 0 -26 2 -24 No Tserv 
21 20 19 19 20 0 -20 1 -19 No Tserv 
15 14 13 13 14 0 -14 1 -13 No Tserv 
11 9 8 8 10 0 -10 2 -8 No Tserv 
55 22 21 21 25 29 4 4 8 26 
51 15 14 14 20 21 1 6 7 30 
47 38 37 37 39 41 2 2 4 6 
46 32 31 31 33 36 3 2 5 10 
43 26 25 25 27 29 2 2 4 14 
40 18 17 26 29 29 9 3 12 11 
36 12 10 17 20 21 8 3 11 15 
34 7 6 6 11 14 3 5 8 20 
26 21 20 20 21 21 0 1 1 5 
26 10 9 9 11 14 3 2 5 12 
24 16 15 15 17 17 0 2 2 7 
20 5 5 11 14 14 6 3 9 6 
20 2 2 2 4 5 1 2 3 15 
13 4 4 4 5 5 0 1 1 8 
13 1 1 1 3 3 0 2 2 10 
6 3 3 3 5 0 -5 2 -3 No Tserv 
Total number of orders: 0
Dine-In Orders: 18
Delivery Orders: 23
Takeaway Orders: 9
Total number of chefs: 38
Special Chefs: 13
Normal Chefs: 25
Total number of Scooters: 20
Percentage of Finished orders: inf
Percentage of Cancelled orders: -nan(ind)
Average for Ti TC Tw Tserv for all finished orders 12 2 14 15
Scooters utilization % 0
Chefs utilization % 0
